,0,1,2,3,4,5,6,7,8,9
0,0.1,0.1,0.1,0.1,0.1,0.1,0.1,0.1,0.1,0.1
1,0.16695849841471536,0.16993312213165068,0.12975342320815306,0.07029587809862385,0.08857319042161445,0.0795759163591507,0.09710619538573902,0.06251490200631012,0.06766455654969385,0.0676243174243489
2,0.24117007034856544,0.23613375084096538,0.1600140335504674,0.04918059808275489,0.08411111467586105,0.056862661527176415,0.0616060013292299,0.03783204932526903,0.037154253365987475,0.035935466953723016
3,0.3110488323648054,0.2798768807612512,0.1584128872774637,0.038353155930294876,0.06974988328806919,0.03844271787701491,0.04346463434274626,0.02450135700483626,0.01909927455059799,0.017050376602920168
4,0.37778681311949264,0.3078755186894183,0.15074612985784738,0.02814020931942589,0.05153417985501106,0.024420811133251393,0.027856490199944225,0.014941630168364648,0.00907992392788665,0.007618293729357802
5,0.4387458071011769,0.3135357361917949,0.13957090039523007,0.02293445373436419,0.03602240547046123,0.016643832749521664,0.016775287511194007,0.008340342025015414,0.004176396534936218,0.0032548382863054207
6,0.49154560387501917,0.3067046194256671,0.1289624620699256,0.01829161586909784,0.0260104815279655,0.010533309652717022,0.010095348558096918,0.004700252588362284,0.001721305998002071,0.0014350004351463158
7,0.5272177244022501,0.3124333161875647,0.11270709838195941,0.01387203747125885,0.01785544403003182,0.006565188171688677,0.0057099553982413905,0.0023920712784325214,0.0006809465933571594,0.0005662180852151561
8,0.5678897723824746,0.30311478376007095,0.09726535964241059,0.010477676939640078,0.012047596550652023,0.004235446734194506,0.0033001857470600863,0.0011464329778003025,0.00029837603453009015,0.00022436923116651438
9,0.6054212701021894,0.28718145369538367,0.08559553349525519,0.00793533511495759,0.008671037172841513,0.002634952504629521,0.0017792720718969555,0.0005650220979458297,0.00012812784327214757,8.799590162820904e-05
10,0.6477737493483054,0.26376619257438255,0.07357550519848291,0.006181448926435052,0.005810099647393886,0.0015008747406420639,0.0010116373509350108,0.0002906977659608058,5.0432988477517755e-05,3.936145898467713e-05
11,0.6815802560744705,0.24748009883667382,0.06093736894195393,0.0046578796702272385,0.0035830395669994818,0.0009526004365450312,0.0005845189559563885,0.00014682179479486387,3.870786118925347e-05,3.870786118925347e-05
12,0.7068111515937614,0.2339425559036037,0.052551819794274306,0.003432341126203773,0.002217421311168023,0.0005775878972273105,0.00032126106898648394,6.95617672969607e-05,3.8149768738847715e-05,3.8149768738847715e-05
13,0.728847220672399,0.2216250525566128,0.04497172612101627,0.002523564675651341,0.001402734971287172,0.00034618129050757756,0.0001697150954213869,3.793487236806179e-05,3.793487236806179e-05,3.793487236806179e-05
14,0.752374153843078,0.2054650667152522,0.03872446482199886,0.0020564255267633935,0.0009661751399576063,0.00021118153231043318,8.860608240945289e-05,3.7975446076652634e-05,3.7975446076652634e-05,3.7975446076652634e-05
15,0.7639942330609968,0.19917746465941252,0.03410741769084465,0.001722034628598064,0.0007140894331594675,0.00013065368760186116,4.2038487457712805e-05,3.7356117309593835e-05,3.7356117309593835e-05,3.7356117309593835e-05
16,0.7785800653007179,0.19003956772728609,0.029297596702746048,0.001384256732078758,0.0004651946714355636,8.33577341272205e-05,3.74902829020681e-05,3.74902829020681e-05,3.74902829020681e-05,3.74902829020681e-05
17,0.785722672155979,0.18737697645753815,0.02527998042106214,0.0010946458765761999,0.00032476468866276853,5.245866969506262e-05,3.7125432621605994e-05,3.7125432621605994e-05,3.7125432621605994e-05,3.7125432621605994e-05
18,0.7944976162608708,0.18314244182130557,0.021134571422931066,0.0008224790964881318,0.0002168974405867552,3.719879156345254e-05,3.719879156345254e-05,3.719879156345254e-05,3.719879156345254e-05,3.719879156345254e-05
19,0.8009146915419051,0.1802958939782053,0.017810801148946863,0.0006548211924918652,0.0001383667557181854,3.7085076546496526e-05,3.7085076546496526e-05,3.7085076546496526e-05,3.7085076546496526e-05,3.7085076546496526e-05
20,0.8145867531061391,0.16982789523696906,0.01481635861870136,0.0005001380854352969,8.177527830092841e-05,3.741593489082189e-05,3.741593489082189e-05,3.741593489082189e-05,3.741593489082189e-05,3.741593489082189e-05
21,0.8280932903039592,0.15895693548405287,0.012347481139333127,0.0003655377152127041,4.976576074572356e-05,3.739791933924902e-05,3.739791933924902e-05,3.739791933924902e-05,3.739791933924902e-05,3.739791933924902e-05
22,0.8306494153117139,0.15836854858372237,0.010487464400413808,0.0002731627061837668,3.6901499660997505e-05,3.6901499660997505e-05,3.6901499660997505e-05,3.6901499660997505e-05,3.6901499660997505e-05,3.6901499660997505e-05
23,0.8393059609688089,0.15141881868467402,0.008854376468226394,0.00019781591809331855,3.7171326699507474e-05,3.7171326699507474e-05,3.7171326699507474e-05,3.7171326699507474e-05,3.7171326699507474e-05,3.7171326699507474e-05
24,0.8420138784818196,0.15005285427924414,0.007567158587119676,0.00014466883643581566,3.6906635896751625e-05,3.6906635896751625e-05,3.6906635896751625e-05,3.6906635896751625e-05,3.6906635896751625e-05,3.6906635896751625e-05
25,0.84551331831914,0.14778929954472836,0.006365182468391965,0.00011055465095633689,3.694083613052621e-05,3.694083613052621e-05,3.694083613052621e-05,3.694083613052621e-05,3.694083613052621e-05,3.694083613052621e-05
26,0.8490099566202366,0.14526508542709315,0.0054211729038237825,8.214456019412392e-05,3.694008144204685e-05,3.694008144204685e-05,3.694008144204685e-05,3.694008144204685e-05,3.694008144204685e-05,3.694008144204685e-05
27,0.8559927321108216,0.13927135914069413,0.0044524728556292,6.08928292687969e-05,3.709051059769861e-05,3.709051059769861e-05,3.709051059769861e-05,3.709051059769861e-05,3.709051059769861e-05,3.709051059769861e-05
28,0.8605798683268989,0.13543067459782504,0.003722002876124612,4.554368811502236e-05,3.698508517272149e-05,3.698508517272149e-05,3.698508517272149e-05,3.698508517272149e-05,3.698508517272149e-05,3.698508517272149e-05
29,0.8630818486338825,0.13355107823327708,0.0031088088439664187,3.6894898410526044e-05,3.6894898410526044e-05,3.6894898410526044e-05,3.6894898410526044e-05,3.6894898410526044e-05,3.6894898410526044e-05,3.6894898410526044e-05
30,0.8626366406773268,0.13430120610253873,0.0028031912011654376,3.6994574138407774e-05,3.6994574138407774e-05,3.6994574138407774e-05,3.6994574138407774e-05,3.6994574138407774e-05,3.6994574138407774e-05,3.6994574138407774e-05
31,0.8584494234472554,0.1388089599403186,0.002475457619025515,3.802271334290589e-05,3.802271334290589e-05,3.802271334290589e-05,3.802271334290589e-05,3.802271334290589e-05,3.802271334290589e-05,3.802271334290589e-05
32,0.8593431690358369,0.13821615453335998,0.002182892718314672,3.682624464117004e-05,3.682624464117004e-05,3.682624464117004e-05,3.682624464117004e-05,3.682624464117004e-05,3.682624464117004e-05,3.682624464117004e-05
33,0.8543552024157008,0.14342725091967065,0.0019503220701759917,3.817494206464089e-05,3.817494206464089e-05,3.817494206464089e-05,3.817494206464089e-05,3.817494206464089e-05,3.817494206464089e-05,3.817494206464089e-05
34,0.8552344491035605,0.14281239960046727,0.001695370668872314,3.6825803871408865e-05,3.6825803871408865e-05,3.6825803871408865e-05,3.6825803871408865e-05,3.6825803871408865e-05,3.6825803871408865e-05,3.6825803871408865e-05
35,0.8637927198394008,0.13457249671507102,0.0013746908961963452,3.715607847597355e-05,3.715607847597355e-05,3.715607847597355e-05,3.715607847597355e-05,3.715607847597355e-05,3.715607847597355e-05,3.715607847597355e-05
36,0.8660949379848759,0.1324794510617442,0.00116740900269368,3.688599295517677e-05,3.688599295517677e-05,3.688599295517677e-05,3.688599295517677e-05,3.688599295517677e-05,3.688599295517677e-05,3.688599295517677e-05
37,0.8787486464237838,0.12001216914648488,0.000977906499611756,3.7325418588485975e-05,3.7325418588485975e-05,3.7325418588485975e-05,3.7325418588485975e-05,3.7325418588485975e-05,3.7325418588485975e-05,3.7325418588485975e-05
38,0.875717832863774,0.12319274448007697,0.0008250823411407464,3.776290214402347e-05,3.776290214402347e-05,3.776290214402347e-05,3.776290214402347e-05,3.776290214402347e-05,3.776290214402347e-05,3.776290214402347e-05
39,0.8797947091840609,0.11929507702667193,0.0006514993247789278,3.6959209212606274e-05,3.6959209212606274e-05,3.6959209212606274e-05,3.6959209212606274e-05,3.6959209212606274e-05,3.6959209212606274e-05,3.6959209212606274e-05
40,0.87633956330374,0.12282450437033954,0.0005707979397472909,3.787634088187691e-05,3.787634088187691e-05,3.787634088187691e-05,3.787634088187691e-05,3.787634088187691e-05,3.787634088187691e-05,3.787634088187691e-05
41,0.8698209212527434,0.12940000749958844,0.0005077693451414153,3.875741464666937e-05,3.875741464666937e-05,3.875741464666937e-05,3.875741464666937e-05,3.875741464666937e-05,3.875741464666937e-05,3.875741464666937e-05
42,0.8697292081614788,0.12958606081602167,0.00042684515378547293,3.684083838770891e-05,3.684083838770891e-05,3.684083838770891e-05,3.684083838770891e-05,3.684083838770891e-05,3.684083838770891e-05,3.684083838770891e-05
43,0.8962270206785761,0.10317083496346995,0.00033678308837108075,3.790875279754508e-05,3.790875279754508e-05,3.790875279754508e-05,3.790875279754508e-05,3.790875279754508e-05,3.790875279754508e-05,3.790875279754508e-05
44,0.927729323332308,0.07169058491093414,0.00031352449644765726,3.808103718714495e-05,3.808103718714495e-05,3.808103718714495e-05,3.808103718714495e-05,3.808103718714495e-05,3.808103718714495e-05,3.808103718714495e-05
45,0.929943078134664,0.0694933157828634,0.0003015608837249069,3.8557254394234624e-05,3.724799072553734e-05,3.724799072553734e-05,3.724799072553734e-05,3.724799072553734e-05,3.724799072553734e-05,3.724799072553734e-05
46,0.9257183822323914,0.07374376630057196,0.00026458531673631335,3.903802147144293e-05,3.903802147144293e-05,3.903802147144293e-05,3.903802147144293e-05,3.903802147144293e-05,3.903802147144293e-05,3.903802147144293e-05
47,0.9359753780463209,0.06356793673030793,0.00019631633155228515,3.719555597411381e-05,3.719555597411381e-05,3.719555597411381e-05,3.719555597411381e-05,3.719555597411381e-05,3.719555597411381e-05,3.719555597411381e-05
48,0.9388685545584592,0.060703237994476064,0.00016989583641759722,3.690165866385778e-05,3.690165866385778e-05,3.690165866385778e-05,3.690165866385778e-05,3.690165866385778e-05,3.690165866385778e-05,3.690165866385778e-05
49,0.9402702929559406,0.05932361650018473,0.00014819046215354753,3.684286881728786e-05,3.684286881728786e-05,3.684286881728786e-05,3.684286881728786e-05,3.684286881728786e-05,3.684286881728786e-05,3.684286881728786e-05
50,0.9461885702312608,0.05343050797465547,0.00012178532285085635,3.701949589040062e-05,3.701949589040062e-05,3.701949589040062e-05,3.701949589040062e-05,3.701949589040062e-05,3.701949589040062e-05,3.701949589040062e-05
51,0.9487455492450525,0.050894028663953206,0.00010221057225926558,3.688735981928603e-05,3.688735981928603e-05,3.688735981928603e-05,3.688735981928603e-05,3.688735981928603e-05,3.688735981928603e-05,3.688735981928603e-05
52,0.9503442819730092,0.04931356086965772,8.420760852547883e-05,3.6849935543929976e-05,3.6849935543929976e-05,3.6849935543929976e-05,3.6849935543929976e-05,3.6849935543929976e-05,3.6849935543929976e-05,3.6849935543929976e-05
53,0.9472240132376025,0.052428106845555086,7.410013668609781e-05,3.9111397165169566e-05,3.9111397165169566e-05,3.9111397165169566e-05,3.9111397165169566e-05,3.9111397165169566e-05,3.9111397165169566e-05,3.9111397165169566e-05
54,0.9428916106230611,0.05675948768268419,7.011127235406429e-05,3.982720312864685e-05,3.982720312864685e-05,3.982720312864685e-05,3.982720312864685e-05,3.982720312864685e-05,3.982720312864685e-05,3.982720312864685e-05
55,0.9445609746558479,0.05512116490926096,5.9888901667370576e-05,3.6853076174803276e-05,3.6853076174803276e-05,3.6853076174803276e-05,3.6853076174803276e-05,3.6853076174803276e-05,3.6853076174803276e-05,3.6853076174803276e-05
56,0.9450492594801521,0.054639825450535105,5.3266339426762983e-05,3.680696141228105e-05,3.680696141228105e-05,3.680696141228105e-05,3.680696141228105e-05,3.680696141228105e-05,3.680696141228105e-05,3.680696141228105e-05
57,0.9432214635943227,0.05646369545480081,4.8729505765131185e-05,3.801592073018455e-05,3.801592073018455e-05,3.801592073018455e-05,3.801592073018455e-05,3.801592073018455e-05,3.801592073018455e-05,3.801592073018455e-05
58,0.9347360905169081,0.0649190529952338,4.87782853699305e-05,4.229688606971132e-05,4.229688606971132e-05,4.229688606971132e-05,4.229688606971132e-05,4.229688606971132e-05,4.229688606971132e-05,4.229688606971132e-05
59,0.9275238436854869,0.07214480730842956,4.5170863919250865e-05,4.0882591737736846e-05,4.0882591737736846e-05,4.0882591737736846e-05,4.0882591737736846e-05,4.0882591737736846e-05,4.0882591737736846e-05,4.0882591737736846e-05
60,0.9233630363924197,0.07632238815808327,4.214827162537418e-05,3.891816826737155e-05,3.891816826737155e-05,3.891816826737155e-05,3.891816826737155e-05,3.891816826737155e-05,3.891816826737155e-05,3.891816826737155e-05
61,0.92091916700213,0.07877706407231658,3.797111569415877e-05,3.797111569415877e-05,3.797111569415877e-05,3.797111569415877e-05,3.797111569415877e-05,3.797111569415877e-05,3.797111569415877e-05,3.797111569415877e-05
62,0.9204211329263194,0.07928267460829279,3.702405817345709e-05,3.702405817345709e-05,3.702405817345709e-05,3.702405817345709e-05,3.702405817345709e-05,3.702405817345709e-05,3.702405817345709e-05,3.702405817345709e-05
63,0.9167485713116099,0.08294353572969472,3.84866198369045e-05,3.84866198369045e-05,3.84866198369045e-05,3.84866198369045e-05,3.84866198369045e-05,3.84866198369045e-05,3.84866198369045e-05,3.84866198369045e-05
64,0.9084341146414768,0.09124213638064103,4.046862223523673e-05,4.046862223523673e-05,4.046862223523673e-05,4.046862223523673e-05,4.046862223523673e-05,4.046862223523673e-05,4.046862223523673e-05,4.046862223523673e-05
65,0.9076053728798391,0.0920975643651148,3.713284438074371e-05,3.713284438074371e-05,3.713284438074371e-05,3.713284438074371e-05,3.713284438074371e-05,3.713284438074371e-05,3.713284438074371e-05,3.713284438074371e-05
66,0.9030753744736044,0.09661588340111638,3.859276565988219e-05,3.859276565988219e-05,3.859276565988219e-05,3.859276565988219e-05,3.859276565988219e-05,3.859276565988219e-05,3.859276565988219e-05,3.859276565988219e-05
67,0.8994032925367118,0.10029120843010332,3.8187379148104696e-05,3.8187379148104696e-05,3.8187379148104696e-05,3.8187379148104696e-05,3.8187379148104696e-05,3.8187379148104696e-05,3.8187379148104696e-05,3.8187379148104696e-05
68,0.8931898768207303,0.10649760701146785,3.9064520975215365e-05,3.9064520975215365e-05,3.9064520975215365e-05,3.9064520975215365e-05,3.9064520975215365e-05,3.9064520975215365e-05,3.9064520975215365e-05,3.9064520975215365e-05
69,0.8970002241896374,0.10270421675868122,3.6944881460157134e-05,3.6944881460157134e-05,3.6944881460157134e-05,3.6944881460157134e-05,3.6944881460157134e-05,3.6944881460157134e-05,3.6944881460157134e-05,3.6944881460157134e-05
70,0.8943221093000201,0.10537593122904929,3.774493386629743e-05,3.774493386629743e-05,3.774493386629743e-05,3.774493386629743e-05,3.774493386629743e-05,3.774493386629743e-05,3.774493386629743e-05,3.774493386629743e-05
71,0.8975458487007489,0.10215878687803201,3.6920552652356535e-05,3.6920552652356535e-05,3.6920552652356535e-05,3.6920552652356535e-05,3.6920552652356535e-05,3.6920552652356535e-05,3.6920552652356535e-05,3.6920552652356535e-05
72,0.8980268628765053,0.10167867584693677,3.680765956972295e-05,3.680765956972295e-05,3.680765956972295e-05,3.680765956972295e-05,3.680765956972295e-05,3.680765956972295e-05,3.680765956972295e-05,3.680765956972295e-05
73,0.9105854013473765,0.08911617938484012,3.7302408472898094e-05,3.7302408472898094e-05,3.7302408472898094e-05,3.7302408472898094e-05,3.7302408472898094e-05,3.7302408472898094e-05,3.7302408472898094e-05,3.7302408472898094e-05
74,0.9163240142246153,0.08337170881702774,3.849921892066225e-05,3.7968248490872566e-05,3.7968248490872566e-05,3.7968248490872566e-05,3.7968248490872566e-05,3.7968248490872566e-05,3.7968248490872566e-05,3.7968248490872566e-05
75,0.9411238295502198,0.05857390172988323,3.778358998711071e-05,3.778358998711071e-05,3.778358998711071e-05,3.778358998711071e-05,3.778358998711071e-05,3.778358998711071e-05,3.778358998711071e-05,3.778358998711071e-05
76,0.9497179843958921,0.04998502452990489,3.712388427535676e-05,3.712388427535676e-05,3.712388427535676e-05,3.712388427535676e-05,3.712388427535676e-05,3.712388427535676e-05,3.712388427535676e-05,3.712388427535676e-05
77,0.9509475524847207,0.048757762937381786,3.683557223715802e-05,3.683557223715802e-05,3.683557223715802e-05,3.683557223715802e-05,3.683557223715802e-05,3.683557223715802e-05,3.683557223715802e-05,3.683557223715802e-05
78,0.9526474008095983,0.047057769560710595,3.685370371137193e-05,3.685370371137193e-05,3.685370371137193e-05,3.685370371137193e-05,3.685370371137193e-05,3.685370371137193e-05,3.685370371137193e-05,3.685370371137193e-05
79,0.956253578189874,0.043451004192515214,3.6927202201330834e-05,3.6927202201330834e-05,3.6927202201330834e-05,3.6927202201330834e-05,3.6927202201330834e-05,3.6927202201330834e-05,3.6927202201330834e-05,3.6927202201330834e-05
80,0.9627545842493129,0.03694911140086428,3.703804372782759e-05,3.703804372782759e-05,3.703804372782759e-05,3.703804372782759e-05,3.703804372782759e-05,3.703804372782759e-05,3.703804372782759e-05,3.703804372782759e-05
81,0.9692590560959643,0.030444652005152492,3.70364873603766e-05,3.70364873603766e-05,3.70364873603766e-05,3.70364873603766e-05,3.70364873603766e-05,3.70364873603766e-05,3.70364873603766e-05,3.70364873603766e-05
82,0.9681687755262384,0.031526463225798274,3.809515599539731e-05,3.809515599539731e-05,3.809515599539731e-05,3.809515599539731e-05,3.809515599539731e-05,3.809515599539731e-05,3.809515599539731e-05,3.809515599539731e-05
83,0.9636269731711351,0.03603662038394015,4.205080561559131e-05,4.205080561559131e-05,4.205080561559131e-05,4.205080561559131e-05,4.205080561559131e-05,4.205080561559131e-05,4.205080561559131e-05,4.205080561559131e-05
84,0.9590953425151519,0.04057064573119879,4.40962614531262e-05,4.141649888514352e-05,4.141649888514352e-05,4.141649888514352e-05,4.141649888514352e-05,4.141649888514352e-05,4.141649888514352e-05,4.141649888514352e-05
85,0.9595386380477365,0.04016527601828345,3.84513009983421e-05,3.680494756878997e-05,3.680494756878997e-05,3.680494756878997e-05,3.680494756878997e-05,3.680494756878997e-05,3.680494756878997e-05,3.680494756878997e-05
86,0.9596101249333508,0.04009554958771161,3.6790684867176397e-05,3.6790684867176397e-05,3.6790684867176397e-05,3.6790684867176397e-05,3.6790684867176397e-05,3.6790684867176397e-05,3.6790684867176397e-05,3.6790684867176397e-05
87,0.9639108173649007,0.03579356009955676,3.6952816942811706e-05,3.6952816942811706e-05,3.6952816942811706e-05,3.6952816942811706e-05,3.6952816942811706e-05,3.6952816942811706e-05,3.6952816942811706e-05,3.6952816942811706e-05
88,0.9687458317495494,0.030958388459373563,3.6972473884612037e-05,3.6972473884612037e-05,3.6972473884612037e-05,3.6972473884612037e-05,3.6972473884612037e-05,3.6972473884612037e-05,3.6972473884612037e-05,3.6972473884612037e-05
89,0.9701691111356835,0.029536152921203727,3.684199288907611e-05,3.684199288907611e-05,3.684199288907611e-05,3.684199288907611e-05,3.684199288907611e-05,3.684199288907611e-05,3.684199288907611e-05,3.684199288907611e-05
90,0.9682027894954768,0.03148350320228709,3.921341277950246e-05,3.921341277950246e-05,3.921341277950246e-05,3.921341277950246e-05,3.921341277950246e-05,3.921341277950246e-05,3.921341277950246e-05,3.921341277950246e-05
91,0.9666336902443117,0.03305729461234811,3.862689291751663e-05,3.862689291751663e-05,3.862689291751663e-05,3.862689291751663e-05,3.862689291751663e-05,3.862689291751663e-05,3.862689291751663e-05,3.862689291751663e-05
92,0.960486541516692,0.03916478100276142,4.358468506831744e-05,4.358468506831744e-05,4.358468506831744e-05,4.358468506831744e-05,4.358468506831744e-05,4.358468506831744e-05,4.358468506831744e-05,4.358468506831744e-05
93,0.9621606935265574,0.0375444899420685,3.685206642174757e-05,3.685206642174757e-05,3.685206642174757e-05,3.685206642174757e-05,3.685206642174757e-05,3.685206642174757e-05,3.685206642174757e-05,3.685206642174757e-05
94,0.9648690676077396,0.03483580040793924,3.6891498040119064e-05,3.6891498040119064e-05,3.6891498040119064e-05,3.6891498040119064e-05,3.6891498040119064e-05,3.6891498040119064e-05,3.6891498040119064e-05,3.6891498040119064e-05
95,0.969257058935862,0.030447299089769755,3.6955246796009994e-05,3.6955246796009994e-05,3.6955246796009994e-05,3.6955246796009994e-05,3.6955246796009994e-05,3.6955246796009994e-05,3.6955246796009994e-05,3.6955246796009994e-05
96,0.9695467176779741,0.030158890817604332,3.6798938052674155e-05,3.6798938052674155e-05,3.6798938052674155e-05,3.6798938052674155e-05,3.6798938052674155e-05,3.6798938052674155e-05,3.6798938052674155e-05,3.6798938052674155e-05
97,0.9703441866646858,0.029361267712601665,3.681820283906386e-05,3.681820283906386e-05,3.681820283906386e-05,3.681820283906386e-05,3.681820283906386e-05,3.681820283906386e-05,3.681820283906386e-05,3.681820283906386e-05
98,0.9724609523694598,0.027244102066576088,3.686819549549687e-05,3.686819549549687e-05,3.686819549549687e-05,3.686819549549687e-05,3.686819549549687e-05,3.686819549549687e-05,3.686819549549687e-05,3.686819549549687e-05
99,0.9769955305941479,0.0227087935176253,3.6959486028331706e-05,3.6959486028331706e-05,3.6959486028331706e-05,3.6959486028331706e-05,3.6959486028331706e-05,3.6959486028331706e-05,3.6959486028331706e-05,3.6959486028331706e-05
100,0.9776026822439867,0.02210283130880249,3.681080590132386e-05,3.681080590132386e-05,3.681080590132386e-05,3.681080590132386e-05,3.681080590132386e-05,3.681080590132386e-05,3.681080590132386e-05,3.681080590132386e-05
101,0.9795984851543782,0.020106610463842566,3.6863047722391905e-05,3.6863047722391905e-05,3.6863047722391905e-05,3.6863047722391905e-05,3.6863047722391905e-05,3.6863047722391905e-05,3.6863047722391905e-05,3.6863047722391905e-05
102,0.9811253449049417,0.01857989282331294,3.684528396814411e-05,3.684528396814411e-05,3.684528396814411e-05,3.684528396814411e-05,3.684528396814411e-05,3.684528396814411e-05,3.684528396814411e-05,3.684528396814411e-05
103,0.9818611091031942,0.01784436664014411,3.6815532082687344e-05,3.6815532082687344e-05,3.6815532082687344e-05,3.6815532082687344e-05,3.6815532082687344e-05,3.6815532082687344e-05,3.6815532082687344e-05,3.6815532082687344e-05
104,0.9817159282616877,0.01798740901621279,3.70828402624274e-05,3.70828402624274e-05,3.70828402624274e-05,3.70828402624274e-05,3.70828402624274e-05,3.70828402624274e-05,3.70828402624274e-05,3.70828402624274e-05
105,0.9866403722037832,0.013063847969638028,3.697247832234002e-05,3.697247832234002e-05,3.697247832234002e-05,3.697247832234002e-05,3.697247832234002e-05,3.697247832234002e-05,3.697247832234002e-05,3.697247832234002e-05
106,0.9893931940843902,0.010311681227350114,3.689058603243706e-05,3.689058603243706e-05,3.689058603243706e-05,3.689058603243706e-05,3.689058603243706e-05,3.689058603243706e-05,3.689058603243706e-05,3.689058603243706e-05
107,0.9899117403208162,0.009793801880188715,3.680722487436174e-05,3.680722487436174e-05,3.680722487436174e-05,3.680722487436174e-05,3.680722487436174e-05,3.680722487436174e-05,3.680722487436174e-05,3.680722487436174e-05
108,0.9894577773499118,0.010234670989140163,3.844395761848827e-05,3.844395761848827e-05,3.844395761848827e-05,3.844395761848827e-05,3.844395761848827e-05,3.844395761848827e-05,3.844395761848827e-05,3.844395761848827e-05
109,0.9875004774373809,0.012150138690001948,4.3672984077126195e-05,4.3672984077126195e-05,4.3672984077126195e-05,4.3672984077126195e-05,4.3672984077126195e-05,4.3672984077126195e-05,4.3672984077126195e-05,4.3672984077126195e-05
110,0.9858302495068111,0.013834644440786675,4.188825655027472e-05,4.188825655027472e-05,4.188825655027472e-05,4.188825655027472e-05,4.188825655027472e-05,4.188825655027472e-05,4.188825655027472e-05,4.188825655027472e-05
111,0.9825501471660356,0.017086287553970497,4.552416511244539e-05,4.543444498304587e-05,4.543444498304587e-05,4.543444498304587e-05,4.543444498304587e-05,4.543444498304587e-05,4.543444498304587e-05,4.543444498304587e-05
112,0.9797529257532631,0.019902192180881476,4.492661209598428e-05,4.285077910846665e-05,4.285077910846665e-05,4.285077910846665e-05,4.285077910846665e-05,4.285077910846665e-05,4.285077910846665e-05,4.285077910846665e-05
113,0.9776853474598638,0.021988508463776632,4.163350121112444e-05,4.064436787831986e-05,4.064436787831986e-05,4.064436787831986e-05,4.064436787831986e-05,4.064436787831986e-05,4.064436787831986e-05,4.064436787831986e-05
114,0.9753645170155918,0.024310106179846924,4.067210057013789e-05,4.067210057013789e-05,4.067210057013789e-05,4.067210057013789e-05,4.067210057013789e-05,4.067210057013789e-05,4.067210057013789e-05,4.067210057013789e-05
115,0.9739628327176746,0.025725725921901293,3.893017005299781e-05,3.893017005299781e-05,3.893017005299781e-05,3.893017005299781e-05,3.893017005299781e-05,3.893017005299781e-05,3.893017005299781e-05,3.893017005299781e-05
116,0.975648086336195,0.02405710087569889,3.685159851324511e-05,3.685159851324511e-05,3.685159851324511e-05,3.685159851324511e-05,3.685159851324511e-05,3.685159851324511e-05,3.685159851324511e-05,3.685159851324511e-05
117,0.9757375410816398,0.023968128381462547,3.679131711220518e-05,3.679131711220518e-05,3.679131711220518e-05,3.679131711220518e-05,3.679131711220518e-05,3.679131711220518e-05,3.679131711220518e-05,3.679131711220518e-05
118,0.9758638374483,0.02384182090504605,3.679270583172759e-05,3.679270583172759e-05,3.679270583172759e-05,3.679270583172759e-05,3.679270583172759e-05,3.679270583172759e-05,3.679270583172759e-05,3.679270583172759e-05
119,0.9751202324250378,0.024576396418324733,3.792139457967158e-05,3.792139457967158e-05,3.792139457967158e-05,3.792139457967158e-05,3.792139457967158e-05,3.792139457967158e-05,3.792139457967158e-05,3.792139457967158e-05
120,0.9761496369033564,0.023555748856485155,3.682678001979815e-05,3.682678001979815e-05,3.682678001979815e-05,3.682678001979815e-05,3.682678001979815e-05,3.682678001979815e-05,3.682678001979815e-05,3.682678001979815e-05
121,0.9750368030903112,0.024655157438031677,3.850493395713004e-05,3.850493395713004e-05,3.850493395713004e-05,3.850493395713004e-05,3.850493395713004e-05,3.850493395713004e-05,3.850493395713004e-05,3.850493395713004e-05
122,0.9745955879806133,0.025104741869386417,3.745876875001004e-05,3.745876875001004e-05,3.745876875001004e-05,3.745876875001004e-05,3.745876875001004e-05,3.745876875001004e-05,3.745876875001004e-05,3.745876875001004e-05
123,0.9742926334644192,0.02540949040747116,3.723451601368758e-05,3.723451601368758e-05,3.723451601368758e-05,3.723451601368758e-05,3.723451601368758e-05,3.723451601368758e-05,3.723451601368758e-05,3.723451601368758e-05
124,0.9729043422938382,0.026785417578016606,3.8780016018137695e-05,3.8780016018137695e-05,3.8780016018137695e-05,3.8780016018137695e-05,3.8780016018137695e-05,3.8780016018137695e-05,3.8780016018137695e-05,3.8780016018137695e-05
125,0.9710012844079626,0.028683556326250147,3.939490822338657e-05,3.939490822338657e-05,3.939490822338657e-05,3.939490822338657e-05,3.939490822338657e-05,3.939490822338657e-05,3.939490822338657e-05,3.939490822338657e-05
126,0.9673314444819135,0.0323367686988256,4.1473352407586004e-05,4.1473352407586004e-05,4.1473352407586004e-05,4.1473352407586004e-05,4.1473352407586004e-05,4.1473352407586004e-05,4.1473352407586004e-05,4.1473352407586004e-05
127,0.9641143679682879,0.035561975213914514,4.0457102224696565e-05,4.0457102224696565e-05,4.0457102224696565e-05,4.0457102224696565e-05,4.0457102224696565e-05,4.0457102224696565e-05,4.0457102224696565e-05,4.0457102224696565e-05
128,0.9634726977722619,0.0362274910037476,3.747640299880605e-05,3.747640299880605e-05,3.747640299880605e-05,3.747640299880605e-05,3.747640299880605e-05,3.747640299880605e-05,3.747640299880605e-05,3.747640299880605e-05
129,0.9631339387049418,0.03656898353769055,3.713471967093061e-05,3.713471967093061e-05,3.713471967093061e-05,3.713471967093061e-05,3.713471967093061e-05,3.713471967093061e-05,3.713471967093061e-05,3.713471967093061e-05
130,0.9609797687611975,0.03870870740041603,3.8940479798288736e-05,3.8940479798288736e-05,3.8940479798288736e-05,3.8940479798288736e-05,3.8940479798288736e-05,3.8940479798288736e-05,3.8940479798288736e-05,3.8940479798288736e-05
131,0.9591945083640603,0.04049758717230289,3.848805795457391e-05,3.848805795457391e-05,3.848805795457391e-05,3.848805795457391e-05,3.848805795457391e-05,3.848805795457391e-05,3.848805795457391e-05,3.848805795457391e-05
132,0.9563807726741986,0.04330452522815091,3.933776220629314e-05,3.933776220629314e-05,3.933776220629314e-05,3.933776220629314e-05,3.933776220629314e-05,3.933776220629314e-05,3.933776220629314e-05,3.933776220629314e-05
133,0.9509289175515405,0.04873983974504719,4.1405337926526064e-05,4.1405337926526064e-05,4.1405337926526064e-05,4.1405337926526064e-05,4.1405337926526064e-05,4.1405337926526064e-05,4.1405337926526064e-05,4.1405337926526064e-05
134,0.9449406381702529,0.054728894838400224,4.1308373918334926e-05,4.1308373918334926e-05,4.1308373918334926e-05,4.1308373918334926e-05,4.1308373918334926e-05,4.1308373918334926e-05,4.1308373918334926e-05,4.1308373918334926e-05
135,0.9355587492096041,0.06409657273427037,4.308475701567328e-05,4.308475701567328e-05,4.308475701567328e-05,4.308475701567328e-05,4.308475701567328e-05,4.308475701567328e-05,4.308475701567328e-05,4.308475701567328e-05
136,0.9362801300664808,0.06342520916298632,3.6946599270126125e-05,3.681631018038973e-05,3.681631018038973e-05,3.681631018038973e-05,3.681631018038973e-05,3.681631018038973e-05,3.681631018038973e-05,3.681631018038973e-05
137,0.927683040950994,0.07198294616851475,4.175161006138397e-05,4.175161006138397e-05,4.175161006138397e-05,4.175161006138397e-05,4.175161006138397e-05,4.175161006138397e-05,4.175161006138397e-05,4.175161006138397e-05
138,0.9076085473602127,0.09201524667072081,4.702574613330201e-05,4.702574613330201e-05,4.702574613330201e-05,4.702574613330201e-05,4.702574613330201e-05,4.702574613330201e-05,4.702574613330201e-05,4.702574613330201e-05
139,0.8935806714385116,0.1060776429248669,4.481473980418499e-05,4.2410128116736535e-05,4.2410128116736535e-05,4.2410128116736535e-05,4.2410128116736535e-05,4.2410128116736535e-05,4.2410128116736535e-05,4.2410128116736535e-05
140,0.8556897565940117,0.14390568270099469,5.5213203751693944e-05,4.990678589166365e-05,4.990678589166365e-05,4.990678589166365e-05,4.990678589166365e-05,4.990678589166365e-05,4.990678589166365e-05,4.990678589166365e-05
141,0.8119690702008326,0.18762086287160729,6.548151796080788e-05,5.5663886499138826e-05,4.910521810811559e-05,4.796326099833278e-05,4.796326099833278e-05,4.796326099833278e-05,4.796326099833278e-05,4.796326099833278e-05
142,0.7836946912960302,0.2159316809907118,6.645005127775158e-05,5.3143569230666275e-05,4.233901545822941e-05,4.233901545822941e-05,4.233901545822941e-05,4.233901545822941e-05,4.233901545822941e-05,4.233901545822941e-05
143,0.7485555950047461,0.25106454801871925,7.185677917391189e-05,5.135934169927648e-05,4.277347594356016e-05,4.277347594356016e-05,4.277347594356016e-05,4.277347594356016e-05,4.277347594356016e-05,4.277347594356016e-05
144,0.7589053132678519,0.24076848520099317,6.19870132233744e-05,4.0435016921531716e-05,3.7296583501622965e-05,3.7296583501622965e-05,3.7296583501622965e-05,3.7296583501622965e-05,3.7296583501622965e-05,3.7296583501622965e-05
145,0.7998023556384198,0.19987318535058454,5.306600985670864e-05,3.8770428734107146e-05,3.8770428734107146e-05,3.8770428734107146e-05,3.8770428734107146e-05,3.8770428734107146e-05,3.8770428734107146e-05,3.8770428734107146e-05
146,0.7694027549452735,0.23024952977700547,5.106293920403088e-05,4.237890550239555e-05,4.237890550239555e-05,4.237890550239555e-05,4.237890550239555e-05,4.237890550239555e-05,4.237890550239555e-05,4.237890550239555e-05
147,0.7740554630351155,0.22564115179089445,4.431232489648021e-05,3.701040701333528e-05,3.701040701333528e-05,3.701040701333528e-05,3.701040701333528e-05,3.701040701333528e-05,3.701040701333528e-05,3.701040701333528e-05
148,0.737994803834792,0.2616627539761054,4.381650464343914e-05,4.2660812065574095e-05,4.2660812065574095e-05,4.2660812065574095e-05,4.2660812065574095e-05,4.2660812065574095e-05,4.2660812065574095e-05,4.2660812065574095e-05
149,0.695591719905409,0.3040641571839256,4.4877926930652694e-05,4.274928339067428e-05,4.274928339067428e-05,4.274928339067428e-05,4.274928339067428e-05,4.274928339067428e-05,4.274928339067428e-05,4.274928339067428e-05
150,0.668245111597423,0.3314322807742609,4.1913624929767355e-05,4.009914334087694e-05,4.009914334087694e-05,4.009914334087694e-05,4.009914334087694e-05,4.009914334087694e-05,4.009914334087694e-05,4.009914334087694e-05
151,0.6398959457491934,0.35978457457205837,3.9934959843523145e-05,3.9934959843523145e-05,3.9934959843523145e-05,3.9934959843523145e-05,3.9934959843523145e-05,3.9934959843523145e-05,3.9934959843523145e-05,3.9934959843523145e-05
152,0.5966447567065752,0.40302556863487426,4.1209332318805555e-05,4.1209332318805555e-05,4.1209332318805555e-05,4.1209332318805555e-05,4.1209332318805555e-05,4.1209332318805555e-05,4.1209332318805555e-05,4.1209332318805555e-05
153,0.5698422623767249,0.429843850410579,3.923590158699962e-05,3.923590158699962e-05,3.923590158699962e-05,3.923590158699962e-05,3.923590158699962e-05,3.923590158699962e-05,3.923590158699962e-05,3.923590158699962e-05
154,0.521253628248395,0.4784188101138754,4.094520471619786e-05,4.094520471619786e-05,4.094520471619786e-05,4.094520471619786e-05,4.094520471619786e-05,4.094520471619786e-05,4.094520471619786e-05,4.094520471619786e-05
155,0.46142329385964403,0.5382455996099076,4.1388316306031034e-05,4.1388316306031034e-05,4.1388316306031034e-05,4.1388316306031034e-05,4.1388316306031034e-05,4.1388316306031034e-05,4.1388316306031034e-05,4.1388316306031034e-05
156,0.4436340094161652,0.5560619453556155,3.800565352738343e-05,3.800565352738343e-05,3.800565352738343e-05,3.800565352738343e-05,3.800565352738343e-05,3.800565352738343e-05,3.800565352738343e-05,3.800565352738343e-05
157,0.4172393756002224,0.5824523533547246,3.853388063160753e-05,3.853388063160753e-05,3.853388063160753e-05,3.853388063160753e-05,3.853388063160753e-05,3.853388063160753e-05,3.853388063160753e-05,3.853388063160753e-05
158,0.40231239661313967,0.597385754233136,3.77311442155381e-05,3.77311442155381e-05,3.77311442155381e-05,3.77311442155381e-05,3.77311442155381e-05,3.77311442155381e-05,3.77311442155381e-05,3.77311442155381e-05
159,0.3776621238255671,0.6220314308686217,3.830566322639775e-05,3.830566322639775e-05,3.830566322639775e-05,3.830566322639775e-05,3.830566322639775e-05,3.830566322639775e-05,3.830566322639775e-05,3.830566322639775e-05
160,0.31947305994754666,0.6802051126150694,4.022842967297599e-05,4.022842967297599e-05,4.022842967297599e-05,4.022842967297599e-05,4.022842967297599e-05,4.022842967297599e-05,4.022842967297599e-05,4.022842967297599e-05
161,0.26829741028029047,0.7313861417305834,3.955599864075816e-05,3.955599864075816e-05,3.955599864075816e-05,3.955599864075816e-05,3.955599864075816e-05,3.955599864075816e-05,3.955599864075816e-05,3.955599864075816e-05
162,0.2255126088955138,0.774175869329678,3.8940221851008074e-05,3.8940221851008074e-05,3.8940221851008074e-05,3.8940221851008074e-05,3.8940221851008074e-05,3.8940221851008074e-05,3.8940221851008074e-05,3.8940221851008074e-05
163,0.19736549046184806,0.8023295033595564,3.8125772324425454e-05,3.8125772324425454e-05,3.8125772324425454e-05,3.8125772324425454e-05,3.8125772324425454e-05,3.8125772324425454e-05,3.8125772324425454e-05,3.8125772324425454e-05
164,0.17763307406870676,0.8220653830340663,3.7692862153348094e-05,3.7692862153348094e-05,3.7692862153348094e-05,3.7692862153348094e-05,3.7692862153348094e-05,3.7692862153348094e-05,3.7692862153348094e-05,3.7692862153348094e-05
165,0.14669418731764503,0.8530004342250808,3.817230715926114e-05,3.817230715926114e-05,3.817230715926114e-05,3.817230715926114e-05,3.817230715926114e-05,3.817230715926114e-05,3.817230715926114e-05,3.817230715926114e-05
166,0.1487964074800221,0.850905071411634,3.731513854297381e-05,3.731513854297381e-05,3.731513854297381e-05,3.731513854297381e-05,3.731513854297381e-05,3.731513854297381e-05,3.731513854297381e-05,3.731513854297381e-05
167,0.13716963524665152,0.8625320397669848,3.729062329544417e-05,3.729062329544417e-05,3.729062329544417e-05,3.729062329544417e-05,3.729062329544417e-05,3.729062329544417e-05,3.729062329544417e-05,3.729062329544417e-05
168,0.11812897192982205,0.8815702285190251,3.759994389409271e-05,3.759994389409271e-05,3.759994389409271e-05,3.759994389409271e-05,3.759994389409271e-05,3.759994389409271e-05,3.759994389409271e-05,3.759994389409271e-05
169,0.11101917979567978,0.8886841417413996,3.7084807865048444e-05,3.7084807865048444e-05,3.7084807865048444e-05,3.7084807865048444e-05,3.7084807865048444e-05,3.7084807865048444e-05,3.7084807865048444e-05,3.7084807865048444e-05
170,0.10304149266936224,0.8966615619131847,3.7118177181620374e-05,3.7118177181620374e-05,3.7118177181620374e-05,3.7118177181620374e-05,3.7118177181620374e-05,3.7118177181620374e-05,3.7118177181620374e-05,3.7118177181620374e-05
171,0.09748819808727045,0.902215675380648,3.7015816510185545e-05,3.7015816510185545e-05,3.7015816510185545e-05,3.7015816510185545e-05,3.7015816510185545e-05,3.7015816510185545e-05,3.7015816510185545e-05,3.7015816510185545e-05
172,0.09488320761858007,0.9048216387609183,3.6894202562680845e-05,3.6894202562680845e-05,3.6894202562680845e-05,3.6894202562680845e-05,3.6894202562680845e-05,3.6894202562680845e-05,3.6894202562680845e-05,3.6894202562680845e-05
173,0.09545504630613867,0.9042488764429043,3.7009656369606146e-05,3.7009656369606146e-05,3.7009656369606146e-05,3.7009656369606146e-05,3.7009656369606146e-05,3.7009656369606146e-05,3.7009656369606146e-05,3.7009656369606146e-05
174,0.08373666723621422,0.9159652159240129,3.726460497160285e-05,3.726460497160285e-05,3.726460497160285e-05,3.726460497160285e-05,3.726460497160285e-05,3.726460497160285e-05,3.726460497160285e-05,3.726460497160285e-05
175,0.07292772308506644,0.9267745002925618,3.722207779644051e-05,3.722207779644051e-05,3.722207779644051e-05,3.722207779644051e-05,3.722207779644051e-05,3.722207779644051e-05,3.722207779644051e-05,3.722207779644051e-05
176,0.06059770721522998,0.9391040738917847,3.727736162314299e-05,3.727736162314299e-05,3.727736162314299e-05,3.727736162314299e-05,3.727736162314299e-05,3.727736162314299e-05,3.727736162314299e-05,3.727736162314299e-05
177,0.05201059120394846,0.9476924137640668,3.712437899807413e-05,3.712437899807413e-05,3.712437899807413e-05,3.712437899807413e-05,3.712437899807413e-05,3.712437899807413e-05,3.712437899807413e-05,3.712437899807413e-05
178,0.04811480105569036,0.951589685103324,3.6939230123189696e-05,3.6939230123189696e-05,3.6939230123189696e-05,3.6939230123189696e-05,3.6939230123189696e-05,3.6939230123189696e-05,3.6939230123189696e-05,3.6939230123189696e-05
179,0.04063995511363574,0.9590634298858801,3.7076875060502055e-05,3.7076875060502055e-05,3.7076875060502055e-05,3.7076875060502055e-05,3.7076875060502055e-05,3.7076875060502055e-05,3.7076875060502055e-05,3.7076875060502055e-05
180,0.033372139327410504,0.966331326852255,3.706672754180258e-05,3.706672754180258e-05,3.706672754180258e-05,3.706672754180258e-05,3.706672754180258e-05,3.706672754180258e-05,3.706672754180258e-05,3.706672754180258e-05
181,0.0317202235838748,0.9679849692338274,3.685089778720809e-05,3.685089778720809e-05,3.685089778720809e-05,3.685089778720809e-05,3.685089778720809e-05,3.685089778720809e-05,3.685089778720809e-05,3.685089778720809e-05
